0 0.251966 0.444156 0.503933 0.057305
0 0.266767 0.498909 0.137202 0.026047
0 0.331010 0.882778 0.111716 0.033665
0 0.200895 0.884679 0.080708 0.033612
0 0.198287 0.807944 0.085024 0.044933
0 0.932602 0.063218 0.065933 0.039720
0 0.452741 0.498076 0.169390 0.027463
0 0.649905 0.497658 0.172377 0.032129
0 0.093811 0.497837 0.176831 0.027810
0 0.198206 0.730628 0.083852 0.045209
0 0.967659 0.496789 0.064682 0.051692
0 0.825213 0.497133 0.108141 0.019182
0 0.193685 0.576955 0.082573 0.046449
0 0.197924 0.653896 0.084956 0.045065
0 0.442561 0.576748 0.358047 0.037619
0 0.749747 0.444422 0.500506 0.055132
0 0.870064 0.018894 0.035702 0.016504
0 0.828889 0.018999 0.033701 0.017607
0 0.918699 0.018605 0.049997 0.015701
0 0.937987 0.578213 0.063995 0.038213
0 0.079485 0.807983 0.124244 0.048022
0 0.231686 0.018653 0.031673 0.018650
0 0.936641 0.808502 0.060535 0.033560
0 0.080464 0.731361 0.127571 0.048223
0 0.936184 0.886099 0.061689 0.035076
0 0.879850 0.380506 0.088446 0.021634
0 0.079837 0.654378 0.125093 0.047437
0 0.935656 0.654997 0.062535 0.035299
0 0.790805 0.729562 0.059172 0.031077
0 0.935707 0.732028 0.062641 0.036349
0 0.833746 0.953280 0.059402 0.033211
0 0.080357 0.885229 0.114147 0.027754
0 0.080580 0.576895 0.124944 0.046984
0 0.955605 0.018739 0.021890 0.016963
0 0.782067 0.653197 0.062229 0.030681
0 0.499462 0.952771 0.055406 0.028455
0 0.792146 0.806602 0.061003 0.031907
0 0.157175 0.036353 0.032827 0.016025
0 0.166277 0.954041 0.061492 0.032374
0 0.051632 0.035961 0.023998 0.014504