0 0.251185 0.437460 0.502371 0.058670
0 0.748155 0.437883 0.503690 0.058795
0 0.288952 0.665206 0.577905 0.078759
0 0.932638 0.064748 0.069686 0.043339
0 0.201220 0.740587 0.082391 0.033120
0 0.081573 0.738047 0.120156 0.025211
0 0.196443 0.509572 0.073147 0.033130
0 0.869883 0.019032 0.036445 0.017210
0 0.829098 0.019080 0.035250 0.018205
0 0.918561 0.018681 0.050236 0.016508
0 0.156880 0.018411 0.032297 0.017535
0 0.191660 0.018216 0.032462 0.018032
0 0.121768 0.018424 0.031972 0.018958
0 0.231171 0.018292 0.031923 0.019360
0 0.828153 0.664102 0.069358 0.043054
0 0.828378 0.510212 0.069053 0.040186
0 0.828019 0.741297 0.071383 0.042198
0 0.937917 0.746111 0.077271 0.066324
0 0.828793 0.587337 0.066179 0.038284
0 0.955739 0.018507 0.021961 0.017963
0 0.832564 0.953930 0.060637 0.034066
0 0.536722 0.347392 0.111167 0.022754
0 0.080829 0.510505 0.131700 0.029548
0 0.938529 0.664375 0.068677 0.044422
0 0.937888 0.510599 0.073874 0.049843
0 0.499530 0.952922 0.053653 0.027010
0 0.166855 0.953680 0.064083 0.031805
0 0.080082 0.585602 0.133462 0.025651