0 0.600736 0.917082 0.039401 0.051830
0 0.826917 0.917527 0.089577 0.055567
0 0.548771 0.812240 0.104677 0.065131
0 0.768477 0.669284 0.099453 0.152085
0 0.043662 0.045103 0.023843 0.043007
0 0.893767 0.095865 0.050514 0.136696
0 0.220948 0.922358 0.128074 0.078901
0 0.823838 0.085645 0.036705 0.067548
0 0.909974 0.894948 0.028982 0.059980
0 0.882922 0.896264 0.029358 0.059545
0 0.949450 0.302675 0.033459 0.069137
0 0.762691 0.100979 0.044062 0.135887
0 0.995192 0.086728 0.009617 0.099620
0 0.436435 0.920082 0.113066 0.043363