0 0.812862 0.482219 0.292016 0.091405
0 0.498385 0.482203 0.293573 0.092079
0 0.185150 0.482218 0.290835 0.092640
0 0.499591 0.375563 0.332266 0.050006
0 0.499151 0.181390 0.939991 0.137729
0 0.869795 0.019501 0.037279 0.018291
0 0.828891 0.019522 0.036523 0.018900
0 0.917770 0.018874 0.052447 0.017851
0 0.733465 0.313838 0.206199 0.027400
0 0.926606 0.102274 0.077090 0.045468
0 0.943121 0.711522 0.098961 0.069119
0 0.193034 0.019742 0.036545 0.022875
0 0.819176 0.101195 0.072723 0.039387
0 0.231319 0.019462 0.034463 0.024592
0 0.832883 0.954169 0.062005 0.032428
0 0.956672 0.018481 0.025685 0.018639
0 0.943035 0.643150 0.095468 0.067209
0 0.927120 0.856294 0.078113 0.027264
0 0.500111 0.953602 0.063847 0.030827
0 0.942986 0.781256 0.092102 0.075235
0 0.166080 0.953605 0.062642 0.029503