0 0.714727 0.506330 0.135422 0.074598
0 0.160169 0.440538 0.261924 0.031981
0 0.884181 0.440595 0.173557 0.028688
0 0.497766 0.929373 0.324759 0.113511
0 0.560178 0.506510 0.135785 0.074314
0 0.869904 0.506321 0.135344 0.074431
0 0.404982 0.506666 0.136325 0.074391
0 0.095662 0.506834 0.135734 0.075284
0 0.250576 0.506677 0.135682 0.074700
0 0.803492 0.364105 0.098520 0.052901
0 0.921550 0.364016 0.099473 0.052908
0 0.501102 0.159358 0.170501 0.091856
0 0.797599 0.284843 0.087634 0.066613
0 0.869946 0.019464 0.035449 0.017069
0 0.828157 0.019530 0.033404 0.017858
0 0.918549 0.019056 0.050861 0.016172
0 0.882820 0.284336 0.088685 0.065058
0 0.711383 0.285204 0.087743 0.067436
0 0.956222 0.019119 0.023262 0.016574
0 0.962542 0.283634 0.074916 0.064140
0 0.357684 0.354350 0.063352 0.038534
0 0.828882 0.894002 0.326731 0.207674