0 0.871442 0.921308 0.100552 0.065147
0 0.903843 0.506794 0.192313 0.321532
0 0.678101 0.918564 0.123241 0.058627
0 0.119457 0.073821 0.170981 0.037129
0 0.081413 0.199713 0.093458 0.037429
0 0.515942 0.504398 0.095941 0.169230
0 0.639303 0.338898 0.079978 0.202457
0 0.894605 0.122183 0.047476 0.092205
0 0.762545 0.124284 0.036787 0.067279
0 0.824088 0.125713 0.039605 0.087977
0 0.963856 0.122979 0.049333 0.089333
0 0.949926 0.301173 0.036833 0.067854
0 0.477183 0.714526 0.080962 0.202419
0 0.005196 0.012048 0.010369 0.024096
0 0.558479 0.706021 0.081706 0.196146
0 0.719528 0.693852 0.081334 0.204977
0 0.995457 0.122382 0.009086 0.087494
0 0.639238 0.524472 0.079243 0.152657
0 0.034787 0.012122 0.006862 0.024243
0 0.017287 0.011848 0.008944 0.023697
0 0.719749 0.488539 0.084148 0.209814
0 0.640128 0.694505 0.079079 0.202190