0 0.509149 0.125551 0.186439 0.056051
0 0.495648 0.327812 0.930311 0.257480
0 0.664220 0.125570 0.128734 0.055731
0 0.339427 0.125508 0.158710 0.055928
0 0.136957 0.125279 0.245662 0.054922
0 0.798865 0.640693 0.300724 0.236639
0 0.805227 0.125601 0.161678 0.055835
0 0.486879 0.784097 0.284930 0.062577
0 0.195165 0.828394 0.328540 0.053746
0 0.870131 0.019052 0.035106 0.016461
0 0.828687 0.019269 0.032347 0.017511
0 0.918928 0.018680 0.049790 0.015633
0 0.192532 0.018479 0.030594 0.015887
0 0.157281 0.018564 0.030301 0.015717
0 0.825707 0.064254 0.077583 0.043162
0 0.931246 0.063731 0.077847 0.041835
0 0.122576 0.018605 0.029746 0.017505
0 0.231800 0.018614 0.029877 0.017728
0 0.933040 0.490266 0.061281 0.034690
0 0.931682 0.830299 0.067114 0.038079
0 0.103113 0.061509 0.142255 0.047547
0 0.956325 0.018818 0.020530 0.016597
0 0.180484 0.568921 0.299564 0.096537
0 0.832702 0.954271 0.059296 0.033503
0 0.549818 0.898716 0.034318 0.041535
0 0.506848 0.897654 0.039925 0.042979
0 0.491135 0.565055 0.295965 0.089928
0 0.428152 0.898315 0.030339 0.040783
0 0.174444 0.036320 0.069555 0.014499
0 0.164962 0.952845 0.054629 0.029181
0 0.465023 0.895693 0.041734 0.050139
0 0.499771 0.954006 0.059939 0.031344