0 0.870054 0.919283 0.094824 0.059459
0 0.154469 0.108203 0.123373 0.041032
0 0.677865 0.917452 0.116582 0.052585
0 0.894108 0.124508 0.060273 0.114382
0 0.949869 0.299708 0.030566 0.052315
0 0.964626 0.120937 0.057952 0.105770
0 0.761553 0.121923 0.037222 0.060845
0 0.823695 0.119359 0.044413 0.095995
0 0.173491 0.919803 0.129934 0.054414
0 0.080617 0.821816 0.030510 0.043846
0 0.056076 0.112661 0.023937 0.047332
0 0.078175 0.300304 0.030506 0.056316
0 0.995259 0.118917 0.009483 0.095873
0 0.951778 0.371214 0.033425 0.052054
0 0.514349 0.504154 0.093780 0.168801